 Banco de Dados:
 [[ 1  0  0]
 [ 2  0  0]
 [ 3  0  0]
 [ 4  1  2]
 [ 5  1  2]
 [ 6  1  2]
 [ 7  4  6]
 [ 8  3  5]
 [ 9  4  6]
 [10  3  2]
 [11  3  7]
 [12  8  7]
 [13  9  2]
 [14  3  7]]
------------------------------------------------------------------------
Rodada  1
v =  [1.000 0.000 0.000 0.500 0.500 0.500 0.500 0.250 0.500 0.000 0.250 0.375
 0.250 0.250]

u =  [1.000 0.000 0.000 0.250 0.250 0.250 0.250 0.062 0.250 0.000 0.062 0.141
 0.062 0.062]

d =  [1.000 0.000 0.000 0.000 0.000 0.000 0.000 0.000 0.000 0.000 0.000 0.000
 0.000 0.000]

d_i =  [1.000 0.000 0.000 0.000 0.000 0.000 0.000 0.000 0.000 0.000 0.000 0.000
 0.000 0.000]
------------------------------------------------------------------------
Rodada  2
v =  [1.000 1.000 0.000 0.500 0.500 0.500 0.500 0.250 0.500 0.500 0.250 0.375
 0.750 0.250]

u =  [1.000 1.000 0.000 0.500 0.500 0.500 0.500 0.125 0.500 0.250 0.125 0.281
 0.625 0.125]

d =  [1.000 1.000 0.000 0.000 0.000 0.000 0.000 0.000 0.000 0.000 0.000 0.000
 0.000 0.000]

d_i =  [1.000 1.000 0.000 0.000 0.000 0.000 0.000 0.000 0.000 0.000 0.000 0.000
 0.000 0.000]
------------------------------------------------------------------------
Rodada  3
v =  [1.000 1.000 1.000 0.000 0.000 0.000 0.000 0.500 0.000 0.500 0.500 0.250
 0.000 0.500]

u =  [1.000 1.000 1.000 0.500 0.500 0.500 0.500 0.375 0.500 0.500 0.375 0.344
 0.625 0.375]

d =  [1.000 1.000 1.000 0.000 0.000 0.000 0.000 0.000 0.000 0.000 0.000 0.000
 0.000 0.000]

d_i =  [1.000 1.000 1.000 0.000 0.000 0.000 0.000 0.000 0.000 0.000 0.000 0.000
 0.000 0.000]
------------------------------------------------------------------------
Rodada  4
v =  [1.000 1.000 1.000 0.707 0.000 0.000 0.354 0.000 0.354 0.000 0.177 0.177
 0.177 0.177]

u =  [1.000 1.000 1.000 1.000 0.500 0.500 0.625 0.375 0.625 0.500 0.406 0.375
 0.656 0.406]

d =  [1.000 1.000 1.000 0.500 0.000 0.000 0.000 0.000 0.000 0.000 0.000 0.000
 0.000 0.000]

d_i =  [1.000 1.000 1.000 2.000 0.000 0.000 0.000 0.000 0.000 0.000 0.000 0.000
 0.000 0.000]
------------------------------------------------------------------------
Rodada  5
v =  [1.000 1.000 1.000 0.707 0.707 0.000 0.000 0.354 0.000 0.000 0.000 0.177
 0.000 0.000]

u =  [1.000 1.000 1.000 1.000 1.000 0.500 0.625 0.500 0.625 0.500 0.406 0.406
 0.656 0.406]

d =  [1.000 1.000 1.000 0.500 0.500 0.000 0.000 0.000 0.000 0.000 0.000 0.000
 0.000 0.000]

d_i =  [1.000 1.000 1.000 2.000 2.000 0.000 0.000 0.000 0.000 0.000 0.000 0.000
 0.000 0.000]
------------------------------------------------------------------------
Rodada  6
v =  [1.000 1.000 1.000 0.707 0.707 0.707 0.354 0.000 0.354 0.000 0.177 0.177
 0.177 0.177]

u =  [1.000 1.000 1.000 1.000 1.000 1.000 0.750 0.500 0.750 0.500 0.438 0.438
 0.688 0.438]

d =  [1.000 1.000 1.000 0.500 0.500 0.500 0.000 0.000 0.000 0.000 0.000 0.000
 0.000 0.000]

d_i =  [1.000 1.000 1.000 2.000 2.000 2.000 0.000 0.000 0.000 0.000 0.000 0.000
 0.000 0.000]
------------------------------------------------------------------------
Rodada  7
v =  [1.000 1.000 1.000 0.707 0.707 0.707 0.707 0.000 0.000 0.000 0.354 0.354
 0.000 0.354]

u =  [1.000 1.000 1.000 1.000 1.000 1.000 1.250 0.500 0.750 0.500 0.562 0.562
 0.688 0.562]

d =  [1.000 1.000 1.000 0.500 0.500 0.500 0.500 0.000 0.000 0.000 0.000 0.000
 0.000 0.000]

d_i =  [1.000 1.000 1.000 2.000 2.000 2.000 2.000 0.000 0.000 0.000 0.000 0.000
 0.000 0.000]
------------------------------------------------------------------------
Rodada  8
v =  [1.000 1.000 1.000 0.707 0.707 0.707 0.707 0.707 0.000 0.000 0.000 0.354
 0.000 0.000]

u =  [1.000 1.000 1.000 1.000 1.000 1.000 1.250 1.000 0.750 0.500 0.562 0.688
 0.688 0.562]

d =  [1.000 1.000 1.000 0.500 0.500 0.500 0.500 0.500 0.000 0.000 0.000 0.000
 0.000 0.000]

d_i =  [1.000 1.000 1.000 2.000 2.000 2.000 2.000 2.000 0.000 0.000 0.000 0.000
 0.000 0.000]
------------------------------------------------------------------------
Rodada  9
v =  [1.000 1.000 1.000 0.707 0.707 0.707 0.707 0.707 0.707 0.000 0.000 0.000
 0.354 0.000]

u =  [1.000 1.000 1.000 1.000 1.000 1.000 1.250 1.000 1.250 0.500 0.562 0.688
 0.812 0.562]

d =  [1.000 1.000 1.000 0.500 0.500 0.500 0.500 0.500 0.500 0.000 0.000 0.000
 0.000 0.000]

d_i =  [1.000 1.000 1.000 2.000 2.000 2.000 2.000 2.000 2.000 0.000 0.000 0.000
 0.000 0.000]
------------------------------------------------------------------------
Rodada  10
v =  [1.000 1.000 1.000 0.707 0.707 0.707 0.707 0.707 0.707 0.707 0.000 0.000
 0.000 0.000]

u =  [1.000 1.000 1.000 1.000 1.000 1.000 1.250 1.000 1.250 1.000 0.562 0.688
 0.812 0.562]

d =  [1.000 1.000 1.000 0.500 0.500 0.500 0.500 0.500 0.500 0.500 0.000 0.000
 0.000 0.000]

d_i =  [1.000 1.000 1.000 2.000 2.000 2.000 2.000 2.000 2.000 2.000 0.000 0.000
 0.000 0.000]
------------------------------------------------------------------------
Rodada  11
v =  [1.000 1.000 1.000 0.707 0.707 0.707 0.707 0.707 0.707 0.707 0.661 0.000
 0.000 0.000]

u =  [1.000 1.000 1.000 1.000 1.000 1.000 1.250 1.000 1.250 1.000 1.000 0.688
 0.812 0.562]

d =  [1.000 1.000 1.000 0.500 0.500 0.500 0.500 0.500 0.500 0.500 0.438 0.000
 0.000 0.000]

d_i =  [1.000 1.000 1.000 2.000 2.000 2.000 2.000 2.000 2.000 2.000 2.286 0.000
 0.000 0.000]
------------------------------------------------------------------------
Rodada  12
v =  [1.000 1.000 1.000 0.707 0.707 0.707 0.707 0.707 0.707 0.707 0.661 0.661
 0.000 0.000]

u =  [1.000 1.000 1.000 1.000 1.000 1.000 1.250 1.000 1.250 1.000 1.000 1.125
 0.812 0.562]

d =  [1.000 1.000 1.000 0.500 0.500 0.500 0.500 0.500 0.500 0.500 0.438 0.438
 0.000 0.000]

d_i =  [1.000 1.000 1.000 2.000 2.000 2.000 2.000 2.000 2.000 2.000 2.286 2.286
 0.000 0.000]
------------------------------------------------------------------------
Rodada  13
v =  [1.000 1.000 1.000 0.707 0.707 0.707 0.707 0.707 0.707 0.707 0.661 0.661
 0.661 0.000]

u =  [1.000 1.000 1.000 1.000 1.000 1.000 1.250 1.000 1.250 1.000 1.000 1.125
 1.250 0.562]

d =  [1.000 1.000 1.000 0.500 0.500 0.500 0.500 0.500 0.500 0.500 0.438 0.438
 0.438 0.000]

d_i =  [1.000 1.000 1.000 2.000 2.000 2.000 2.000 2.000 2.000 2.000 2.286 2.286
 2.286 0.000]
------------------------------------------------------------------------
Rodada  14
v =  [1.000 1.000 1.000 0.707 0.707 0.707 0.707 0.707 0.707 0.707 0.661 0.661
 0.661 0.661]

u =  [1.000 1.000 1.000 1.000 1.000 1.000 1.250 1.000 1.250 1.000 1.000 1.125
 1.250 1.000]

d =  [1.000 1.000 1.000 0.500 0.500 0.500 0.500 0.500 0.500 0.500 0.438 0.438
 0.438 0.438]

d_i =  [1.000 1.000 1.000 2.000 2.000 2.000 2.000 2.000 2.000 2.000 2.286 2.286
 2.286 2.286]
Matriz L:
 [[1.000 0.000 0.000 0.000 0.000 0.000 0.000 0.000 0.000 0.000 0.000 0.000
  0.000 0.000]
 [0.000 1.000 0.000 0.000 0.000 0.000 0.000 0.000 0.000 0.000 0.000 0.000
  0.000 0.000]
 [0.000 0.000 1.000 0.000 0.000 0.000 0.000 0.000 0.000 0.000 0.000 0.000
  0.000 0.000]
 [0.500 0.500 0.000 0.707 0.000 0.000 0.000 0.000 0.000 0.000 0.000 0.000
  0.000 0.000]
 [0.500 0.500 0.000 0.000 0.707 0.000 0.000 0.000 0.000 0.000 0.000 0.000
  0.000 0.000]
 [0.500 0.500 0.000 0.000 0.000 0.707 0.000 0.000 0.000 0.000 0.000 0.000
  0.000 0.000]
 [0.500 0.500 0.000 0.354 0.000 0.354 0.707 0.000 0.000 0.000 0.000 0.000
  0.000 0.000]
 [0.250 0.250 0.500 0.000 0.354 0.000 0.000 0.707 0.000 0.000 0.000 0.000
  0.000 0.000]
 [0.500 0.500 0.000 0.354 0.000 0.354 0.000 0.000 0.707 0.000 0.000 0.000
  0.000 0.000]
 [0.000 0.500 0.500 0.000 0.000 0.000 0.000 0.000 0.000 0.707 0.000 0.000
  0.000 0.000]
 [0.250 0.250 0.500 0.177 0.000 0.177 0.354 0.000 0.000 0.000 0.661 0.000
  0.000 0.000]
 [0.375 0.375 0.250 0.177 0.177 0.177 0.354 0.354 0.000 0.000 0.000 0.661
  0.000 0.000]
 [0.250 0.750 0.000 0.177 0.000 0.177 0.000 0.000 0.354 0.000 0.000 0.000
  0.661 0.000]
 [0.250 0.250 0.500 0.177 0.000 0.177 0.354 0.000 0.000 0.000 0.000 0.000
  0.000 0.661]]
Matriz A:
 [[1.000 0.000 0.000 0.500 0.500 0.500 0.500 0.250 0.500 0.000 0.250 0.375
  0.250 0.250]
 [0.000 1.000 0.000 0.500 0.500 0.500 0.500 0.250 0.500 0.500 0.250 0.375
  0.750 0.250]
 [0.000 0.000 1.000 0.000 0.000 0.000 0.000 0.500 0.000 0.500 0.500 0.250
  0.000 0.500]
 [0.500 0.500 0.000 1.000 0.500 0.500 0.750 0.250 0.750 0.250 0.375 0.500
  0.625 0.375]
 [0.500 0.500 0.000 0.500 1.000 0.500 0.500 0.500 0.500 0.250 0.250 0.500
  0.500 0.250]
 [0.500 0.500 0.000 0.500 0.500 1.000 0.750 0.250 0.750 0.250 0.375 0.500
  0.625 0.375]
 [0.500 0.500 0.000 0.750 0.500 0.750 1.250 0.250 0.750 0.250 0.625 0.750
  0.625 0.625]
 [0.250 0.250 0.500 0.250 0.500 0.250 0.250 1.000 0.250 0.375 0.375 0.625
  0.250 0.375]
 [0.500 0.500 0.000 0.750 0.500 0.750 0.750 0.250 1.250 0.250 0.375 0.500
  0.875 0.375]
 [0.000 0.500 0.500 0.250 0.250 0.250 0.250 0.375 0.250 1.000 0.375 0.312
  0.375 0.375]
 [0.250 0.250 0.500 0.375 0.250 0.375 0.625 0.375 0.375 0.375 1.000 0.500
  0.312 0.562]
 [0.375 0.375 0.250 0.500 0.500 0.500 0.750 0.625 0.500 0.312 0.500 1.125
  0.438 0.500]
 [0.250 0.750 0.000 0.625 0.500 0.625 0.625 0.250 0.875 0.375 0.312 0.438
  1.250 0.312]
 [0.250 0.250 0.500 0.375 0.250 0.375 0.625 0.375 0.375 0.375 0.562 0.500
  0.312 1.000]]
Obtenção de A-1
--------------------------Individuo 1--------------------------
[[1.000 0.000 0.000 0.000 0.000 0.000 0.000 0.000 0.000 0.000 0.000 0.000
  0.000 0.000]
 [0.000 0.000 0.000 0.000 0.000 0.000 0.000 0.000 0.000 0.000 0.000 0.000
  0.000 0.000]
 [0.000 0.000 0.000 0.000 0.000 0.000 0.000 0.000 0.000 0.000 0.000 0.000
  0.000 0.000]
 [0.000 0.000 0.000 0.000 0.000 0.000 0.000 0.000 0.000 0.000 0.000 0.000
  0.000 0.000]
 [0.000 0.000 0.000 0.000 0.000 0.000 0.000 0.000 0.000 0.000 0.000 0.000
  0.000 0.000]
 [0.000 0.000 0.000 0.000 0.000 0.000 0.000 0.000 0.000 0.000 0.000 0.000
  0.000 0.000]
 [0.000 0.000 0.000 0.000 0.000 0.000 0.000 0.000 0.000 0.000 0.000 0.000
  0.000 0.000]
 [0.000 0.000 0.000 0.000 0.000 0.000 0.000 0.000 0.000 0.000 0.000 0.000
  0.000 0.000]
 [0.000 0.000 0.000 0.000 0.000 0.000 0.000 0.000 0.000 0.000 0.000 0.000
  0.000 0.000]
 [0.000 0.000 0.000 0.000 0.000 0.000 0.000 0.000 0.000 0.000 0.000 0.000
  0.000 0.000]
 [0.000 0.000 0.000 0.000 0.000 0.000 0.000 0.000 0.000 0.000 0.000 0.000
  0.000 0.000]
 [0.000 0.000 0.000 0.000 0.000 0.000 0.000 0.000 0.000 0.000 0.000 0.000
  0.000 0.000]
 [0.000 0.000 0.000 0.000 0.000 0.000 0.000 0.000 0.000 0.000 0.000 0.000
  0.000 0.000]
 [0.000 0.000 0.000 0.000 0.000 0.000 0.000 0.000 0.000 0.000 0.000 0.000
  0.000 0.000]]
--------------------------Individuo 2--------------------------
[[1.000 0.000 0.000 0.000 0.000 0.000 0.000 0.000 0.000 0.000 0.000 0.000
  0.000 0.000]
 [0.000 1.000 0.000 0.000 0.000 0.000 0.000 0.000 0.000 0.000 0.000 0.000
  0.000 0.000]
 [0.000 0.000 0.000 0.000 0.000 0.000 0.000 0.000 0.000 0.000 0.000 0.000
  0.000 0.000]
 [0.000 0.000 0.000 0.000 0.000 0.000 0.000 0.000 0.000 0.000 0.000 0.000
  0.000 0.000]
 [0.000 0.000 0.000 0.000 0.000 0.000 0.000 0.000 0.000 0.000 0.000 0.000
  0.000 0.000]
 [0.000 0.000 0.000 0.000 0.000 0.000 0.000 0.000 0.000 0.000 0.000 0.000
  0.000 0.000]
 [0.000 0.000 0.000 0.000 0.000 0.000 0.000 0.000 0.000 0.000 0.000 0.000
  0.000 0.000]
 [0.000 0.000 0.000 0.000 0.000 0.000 0.000 0.000 0.000 0.000 0.000 0.000
  0.000 0.000]
 [0.000 0.000 0.000 0.000 0.000 0.000 0.000 0.000 0.000 0.000 0.000 0.000
  0.000 0.000]
 [0.000 0.000 0.000 0.000 0.000 0.000 0.000 0.000 0.000 0.000 0.000 0.000
  0.000 0.000]
 [0.000 0.000 0.000 0.000 0.000 0.000 0.000 0.000 0.000 0.000 0.000 0.000
  0.000 0.000]
 [0.000 0.000 0.000 0.000 0.000 0.000 0.000 0.000 0.000 0.000 0.000 0.000
  0.000 0.000]
 [0.000 0.000 0.000 0.000 0.000 0.000 0.000 0.000 0.000 0.000 0.000 0.000
  0.000 0.000]
 [0.000 0.000 0.000 0.000 0.000 0.000 0.000 0.000 0.000 0.000 0.000 0.000
  0.000 0.000]]
--------------------------Individuo 3--------------------------
[[1.000 0.000 0.000 0.000 0.000 0.000 0.000 0.000 0.000 0.000 0.000 0.000
  0.000 0.000]
 [0.000 1.000 0.000 0.000 0.000 0.000 0.000 0.000 0.000 0.000 0.000 0.000
  0.000 0.000]
 [0.000 0.000 1.000 0.000 0.000 0.000 0.000 0.000 0.000 0.000 0.000 0.000
  0.000 0.000]
 [0.000 0.000 0.000 0.000 0.000 0.000 0.000 0.000 0.000 0.000 0.000 0.000
  0.000 0.000]
 [0.000 0.000 0.000 0.000 0.000 0.000 0.000 0.000 0.000 0.000 0.000 0.000
  0.000 0.000]
 [0.000 0.000 0.000 0.000 0.000 0.000 0.000 0.000 0.000 0.000 0.000 0.000
  0.000 0.000]
 [0.000 0.000 0.000 0.000 0.000 0.000 0.000 0.000 0.000 0.000 0.000 0.000
  0.000 0.000]
 [0.000 0.000 0.000 0.000 0.000 0.000 0.000 0.000 0.000 0.000 0.000 0.000
  0.000 0.000]
 [0.000 0.000 0.000 0.000 0.000 0.000 0.000 0.000 0.000 0.000 0.000 0.000
  0.000 0.000]
 [0.000 0.000 0.000 0.000 0.000 0.000 0.000 0.000 0.000 0.000 0.000 0.000
  0.000 0.000]
 [0.000 0.000 0.000 0.000 0.000 0.000 0.000 0.000 0.000 0.000 0.000 0.000
  0.000 0.000]
 [0.000 0.000 0.000 0.000 0.000 0.000 0.000 0.000 0.000 0.000 0.000 0.000
  0.000 0.000]
 [0.000 0.000 0.000 0.000 0.000 0.000 0.000 0.000 0.000 0.000 0.000 0.000
  0.000 0.000]
 [0.000 0.000 0.000 0.000 0.000 0.000 0.000 0.000 0.000 0.000 0.000 0.000
  0.000 0.000]]
--------------------------Individuo 4--------------------------
[[1.500 0.500 0.000 -1.000 0.000 0.000 0.000 0.000 0.000 0.000 0.000
  0.000 0.000 0.000]
 [0.500 1.500 0.000 -1.000 0.000 0.000 0.000 0.000 0.000 0.000 0.000
  0.000 0.000 0.000]
 [0.000 0.000 1.000 0.000 0.000 0.000 0.000 0.000 0.000 0.000 0.000 0.000
  0.000 0.000]
 [-1.000 -1.000 0.000 2.000 0.000 0.000 0.000 0.000 0.000 0.000 0.000
  0.000 0.000 0.000]
 [0.000 0.000 0.000 0.000 0.000 0.000 0.000 0.000 0.000 0.000 0.000 0.000
  0.000 0.000]
 [0.000 0.000 0.000 0.000 0.000 0.000 0.000 0.000 0.000 0.000 0.000 0.000
  0.000 0.000]
 [0.000 0.000 0.000 0.000 0.000 0.000 0.000 0.000 0.000 0.000 0.000 0.000
  0.000 0.000]
 [0.000 0.000 0.000 0.000 0.000 0.000 0.000 0.000 0.000 0.000 0.000 0.000
  0.000 0.000]
 [0.000 0.000 0.000 0.000 0.000 0.000 0.000 0.000 0.000 0.000 0.000 0.000
  0.000 0.000]
 [0.000 0.000 0.000 0.000 0.000 0.000 0.000 0.000 0.000 0.000 0.000 0.000
  0.000 0.000]
 [0.000 0.000 0.000 0.000 0.000 0.000 0.000 0.000 0.000 0.000 0.000 0.000
  0.000 0.000]
 [0.000 0.000 0.000 0.000 0.000 0.000 0.000 0.000 0.000 0.000 0.000 0.000
  0.000 0.000]
 [0.000 0.000 0.000 0.000 0.000 0.000 0.000 0.000 0.000 0.000 0.000 0.000
  0.000 0.000]
 [0.000 0.000 0.000 0.000 0.000 0.000 0.000 0.000 0.000 0.000 0.000 0.000
  0.000 0.000]]
--------------------------Individuo 5--------------------------
[[2.000 1.000 0.000 -1.000 -1.000 0.000 0.000 0.000 0.000 0.000 0.000
  0.000 0.000 0.000]
 [1.000 2.000 0.000 -1.000 -1.000 0.000 0.000 0.000 0.000 0.000 0.000
  0.000 0.000 0.000]
 [0.000 0.000 1.000 0.000 0.000 0.000 0.000 0.000 0.000 0.000 0.000 0.000
  0.000 0.000]
 [-1.000 -1.000 0.000 2.000 0.000 0.000 0.000 0.000 0.000 0.000 0.000
  0.000 0.000 0.000]
 [-1.000 -1.000 0.000 0.000 2.000 0.000 0.000 0.000 0.000 0.000 0.000
  0.000 0.000 0.000]
 [0.000 0.000 0.000 0.000 0.000 0.000 0.000 0.000 0.000 0.000 0.000 0.000
  0.000 0.000]
 [0.000 0.000 0.000 0.000 0.000 0.000 0.000 0.000 0.000 0.000 0.000 0.000
  0.000 0.000]
 [0.000 0.000 0.000 0.000 0.000 0.000 0.000 0.000 0.000 0.000 0.000 0.000
  0.000 0.000]
 [0.000 0.000 0.000 0.000 0.000 0.000 0.000 0.000 0.000 0.000 0.000 0.000
  0.000 0.000]
 [0.000 0.000 0.000 0.000 0.000 0.000 0.000 0.000 0.000 0.000 0.000 0.000
  0.000 0.000]
 [0.000 0.000 0.000 0.000 0.000 0.000 0.000 0.000 0.000 0.000 0.000 0.000
  0.000 0.000]
 [0.000 0.000 0.000 0.000 0.000 0.000 0.000 0.000 0.000 0.000 0.000 0.000
  0.000 0.000]
 [0.000 0.000 0.000 0.000 0.000 0.000 0.000 0.000 0.000 0.000 0.000 0.000
  0.000 0.000]
 [0.000 0.000 0.000 0.000 0.000 0.000 0.000 0.000 0.000 0.000 0.000 0.000
  0.000 0.000]]
--------------------------Individuo 6--------------------------
[[2.500 1.500 0.000 -1.000 -1.000 -1.000 0.000 0.000 0.000 0.000 0.000
  0.000 0.000 0.000]
 [1.500 2.500 0.000 -1.000 -1.000 -1.000 0.000 0.000 0.000 0.000 0.000
  0.000 0.000 0.000]
 [0.000 0.000 1.000 0.000 0.000 0.000 0.000 0.000 0.000 0.000 0.000 0.000
  0.000 0.000]
 [-1.000 -1.000 0.000 2.000 0.000 0.000 0.000 0.000 0.000 0.000 0.000
  0.000 0.000 0.000]
 [-1.000 -1.000 0.000 0.000 2.000 0.000 0.000 0.000 0.000 0.000 0.000
  0.000 0.000 0.000]
 [-1.000 -1.000 0.000 0.000 0.000 2.000 0.000 0.000 0.000 0.000 0.000
  0.000 0.000 0.000]
 [0.000 0.000 0.000 0.000 0.000 0.000 0.000 0.000 0.000 0.000 0.000 0.000
  0.000 0.000]
 [0.000 0.000 0.000 0.000 0.000 0.000 0.000 0.000 0.000 0.000 0.000 0.000
  0.000 0.000]
 [0.000 0.000 0.000 0.000 0.000 0.000 0.000 0.000 0.000 0.000 0.000 0.000
  0.000 0.000]
 [0.000 0.000 0.000 0.000 0.000 0.000 0.000 0.000 0.000 0.000 0.000 0.000
  0.000 0.000]
 [0.000 0.000 0.000 0.000 0.000 0.000 0.000 0.000 0.000 0.000 0.000 0.000
  0.000 0.000]
 [0.000 0.000 0.000 0.000 0.000 0.000 0.000 0.000 0.000 0.000 0.000 0.000
  0.000 0.000]
 [0.000 0.000 0.000 0.000 0.000 0.000 0.000 0.000 0.000 0.000 0.000 0.000
  0.000 0.000]
 [0.000 0.000 0.000 0.000 0.000 0.000 0.000 0.000 0.000 0.000 0.000 0.000
  0.000 0.000]]
--------------------------Individuo 7--------------------------
[[2.500 1.500 0.000 -1.000 -1.000 -1.000 0.000 0.000 0.000 0.000 0.000
  0.000 0.000 0.000]
 [1.500 2.500 0.000 -1.000 -1.000 -1.000 0.000 0.000 0.000 0.000 0.000
  0.000 0.000 0.000]
 [0.000 0.000 1.000 0.000 0.000 0.000 0.000 0.000 0.000 0.000 0.000 0.000
  0.000 0.000]
 [-1.000 -1.000 0.000 2.500 0.000 0.500 -1.000 0.000 0.000 0.000 0.000
  0.000 0.000 0.000]
 [-1.000 -1.000 0.000 0.000 2.000 0.000 0.000 0.000 0.000 0.000 0.000
  0.000 0.000 0.000]
 [-1.000 -1.000 0.000 0.500 0.000 2.500 -1.000 0.000 0.000 0.000 0.000
  0.000 0.000 0.000]
 [0.000 0.000 0.000 -1.000 0.000 -1.000 2.000 0.000 0.000 0.000 0.000
  0.000 0.000 0.000]
 [0.000 0.000 0.000 0.000 0.000 0.000 0.000 0.000 0.000 0.000 0.000 0.000
  0.000 0.000]
 [0.000 0.000 0.000 0.000 0.000 0.000 0.000 0.000 0.000 0.000 0.000 0.000
  0.000 0.000]
 [0.000 0.000 0.000 0.000 0.000 0.000 0.000 0.000 0.000 0.000 0.000 0.000
  0.000 0.000]
 [0.000 0.000 0.000 0.000 0.000 0.000 0.000 0.000 0.000 0.000 0.000 0.000
  0.000 0.000]
 [0.000 0.000 0.000 0.000 0.000 0.000 0.000 0.000 0.000 0.000 0.000 0.000
  0.000 0.000]
 [0.000 0.000 0.000 0.000 0.000 0.000 0.000 0.000 0.000 0.000 0.000 0.000
  0.000 0.000]
 [0.000 0.000 0.000 0.000 0.000 0.000 0.000 0.000 0.000 0.000 0.000 0.000
  0.000 0.000]]
--------------------------Individuo 8--------------------------
[[2.500 1.500 0.000 -1.000 -1.000 -1.000 0.000 0.000 0.000 0.000 0.000
  0.000 0.000 0.000]
 [1.500 2.500 0.000 -1.000 -1.000 -1.000 0.000 0.000 0.000 0.000 0.000
  0.000 0.000 0.000]
 [0.000 0.000 1.500 0.000 0.500 0.000 0.000 -1.000 0.000 0.000 0.000
  0.000 0.000 0.000]
 [-1.000 -1.000 0.000 2.500 0.000 0.500 -1.000 0.000 0.000 0.000 0.000
  0.000 0.000 0.000]
 [-1.000 -1.000 0.500 0.000 2.500 0.000 0.000 -1.000 0.000 0.000 0.000
  0.000 0.000 0.000]
 [-1.000 -1.000 0.000 0.500 0.000 2.500 -1.000 0.000 0.000 0.000 0.000
  0.000 0.000 0.000]
 [0.000 0.000 0.000 -1.000 0.000 -1.000 2.000 0.000 0.000 0.000 0.000
  0.000 0.000 0.000]
 [0.000 0.000 -1.000 0.000 -1.000 0.000 0.000 2.000 0.000 0.000 0.000
  0.000 0.000 0.000]
 [0.000 0.000 0.000 0.000 0.000 0.000 0.000 0.000 0.000 0.000 0.000 0.000
  0.000 0.000]
 [0.000 0.000 0.000 0.000 0.000 0.000 0.000 0.000 0.000 0.000 0.000 0.000
  0.000 0.000]
 [0.000 0.000 0.000 0.000 0.000 0.000 0.000 0.000 0.000 0.000 0.000 0.000
  0.000 0.000]
 [0.000 0.000 0.000 0.000 0.000 0.000 0.000 0.000 0.000 0.000 0.000 0.000
  0.000 0.000]
 [0.000 0.000 0.000 0.000 0.000 0.000 0.000 0.000 0.000 0.000 0.000 0.000
  0.000 0.000]
 [0.000 0.000 0.000 0.000 0.000 0.000 0.000 0.000 0.000 0.000 0.000 0.000
  0.000 0.000]]
--------------------------Individuo 9--------------------------
[[2.500 1.500 0.000 -1.000 -1.000 -1.000 0.000 0.000 0.000 0.000 0.000
  0.000 0.000 0.000]
 [1.500 2.500 0.000 -1.000 -1.000 -1.000 0.000 0.000 0.000 0.000 0.000
  0.000 0.000 0.000]
 [0.000 0.000 1.500 0.000 0.500 0.000 0.000 -1.000 0.000 0.000 0.000
  0.000 0.000 0.000]
 [-1.000 -1.000 0.000 3.000 0.000 1.000 -1.000 0.000 -1.000 0.000 0.000
  0.000 0.000 0.000]
 [-1.000 -1.000 0.500 0.000 2.500 0.000 0.000 -1.000 0.000 0.000 0.000
  0.000 0.000 0.000]
 [-1.000 -1.000 0.000 1.000 0.000 3.000 -1.000 0.000 -1.000 0.000 0.000
  0.000 0.000 0.000]
 [0.000 0.000 0.000 -1.000 0.000 -1.000 2.000 0.000 0.000 0.000 0.000
  0.000 0.000 0.000]
 [0.000 0.000 -1.000 0.000 -1.000 0.000 0.000 2.000 0.000 0.000 0.000
  0.000 0.000 0.000]
 [0.000 0.000 0.000 -1.000 0.000 -1.000 0.000 0.000 2.000 0.000 0.000
  0.000 0.000 0.000]
 [0.000 0.000 0.000 0.000 0.000 0.000 0.000 0.000 0.000 0.000 0.000 0.000
  0.000 0.000]
 [0.000 0.000 0.000 0.000 0.000 0.000 0.000 0.000 0.000 0.000 0.000 0.000
  0.000 0.000]
 [0.000 0.000 0.000 0.000 0.000 0.000 0.000 0.000 0.000 0.000 0.000 0.000
  0.000 0.000]
 [0.000 0.000 0.000 0.000 0.000 0.000 0.000 0.000 0.000 0.000 0.000 0.000
  0.000 0.000]
 [0.000 0.000 0.000 0.000 0.000 0.000 0.000 0.000 0.000 0.000 0.000 0.000
  0.000 0.000]]
--------------------------Individuo 10--------------------------
[[2.500 1.500 0.000 -1.000 -1.000 -1.000 0.000 0.000 0.000 0.000 0.000
  0.000 0.000 0.000]
 [1.500 3.000 0.500 -1.000 -1.000 -1.000 0.000 0.000 0.000 -1.000 0.000
  0.000 0.000 0.000]
 [0.000 0.500 2.000 0.000 0.500 0.000 0.000 -1.000 0.000 -1.000 0.000
  0.000 0.000 0.000]
 [-1.000 -1.000 0.000 3.000 0.000 1.000 -1.000 0.000 -1.000 0.000 0.000
  0.000 0.000 0.000]
 [-1.000 -1.000 0.500 0.000 2.500 0.000 0.000 -1.000 0.000 0.000 0.000
  0.000 0.000 0.000]
 [-1.000 -1.000 0.000 1.000 0.000 3.000 -1.000 0.000 -1.000 0.000 0.000
  0.000 0.000 0.000]
 [0.000 0.000 0.000 -1.000 0.000 -1.000 2.000 0.000 0.000 0.000 0.000
  0.000 0.000 0.000]
 [0.000 0.000 -1.000 0.000 -1.000 0.000 0.000 2.000 0.000 0.000 0.000
  0.000 0.000 0.000]
 [0.000 0.000 0.000 -1.000 0.000 -1.000 0.000 0.000 2.000 0.000 0.000
  0.000 0.000 0.000]
 [0.000 -1.000 -1.000 0.000 0.000 0.000 0.000 0.000 0.000 2.000 0.000
  0.000 0.000 0.000]
 [0.000 0.000 0.000 0.000 0.000 0.000 0.000 0.000 0.000 0.000 0.000 0.000
  0.000 0.000]
 [0.000 0.000 0.000 0.000 0.000 0.000 0.000 0.000 0.000 0.000 0.000 0.000
  0.000 0.000]
 [0.000 0.000 0.000 0.000 0.000 0.000 0.000 0.000 0.000 0.000 0.000 0.000
  0.000 0.000]
 [0.000 0.000 0.000 0.000 0.000 0.000 0.000 0.000 0.000 0.000 0.000 0.000
  0.000 0.000]]
--------------------------Individuo 11--------------------------
[[2.500 1.500 0.000 -1.000 -1.000 -1.000 0.000 0.000 0.000 0.000 0.000
  0.000 0.000 0.000]
 [1.500 3.000 0.500 -1.000 -1.000 -1.000 0.000 0.000 0.000 -1.000 0.000
  0.000 0.000 0.000]
 [0.000 0.500 2.571 0.000 0.500 0.000 0.571 -1.000 0.000 -1.000 -1.143
  0.000 0.000 0.000]
 [-1.000 -1.000 0.000 3.000 0.000 1.000 -1.000 0.000 -1.000 0.000 0.000
  0.000 0.000 0.000]
 [-1.000 -1.000 0.500 0.000 2.500 0.000 0.000 -1.000 0.000 0.000 0.000
  0.000 0.000 0.000]
 [-1.000 -1.000 0.000 1.000 0.000 3.000 -1.000 0.000 -1.000 0.000 0.000
  0.000 0.000 0.000]
 [0.000 0.000 0.571 -1.000 0.000 -1.000 2.571 0.000 0.000 0.000 -1.143
  0.000 0.000 0.000]
 [0.000 0.000 -1.000 0.000 -1.000 0.000 0.000 2.000 0.000 0.000 0.000
  0.000 0.000 0.000]
 [0.000 0.000 0.000 -1.000 0.000 -1.000 0.000 0.000 2.000 0.000 0.000
  0.000 0.000 0.000]
 [0.000 -1.000 -1.000 0.000 0.000 0.000 0.000 0.000 0.000 2.000 0.000
  0.000 0.000 0.000]
 [0.000 0.000 -1.143 0.000 0.000 0.000 -1.143 0.000 0.000 0.000 2.286
  0.000 0.000 0.000]
 [0.000 0.000 0.000 0.000 0.000 0.000 0.000 0.000 0.000 0.000 0.000 0.000
  0.000 0.000]
 [0.000 0.000 0.000 0.000 0.000 0.000 0.000 0.000 0.000 0.000 0.000 0.000
  0.000 0.000]
 [0.000 0.000 0.000 0.000 0.000 0.000 0.000 0.000 0.000 0.000 0.000 0.000
  0.000 0.000]]
--------------------------Individuo 12--------------------------
[[2.500 1.500 0.000 -1.000 -1.000 -1.000 0.000 0.000 0.000 0.000 0.000
  0.000 0.000 0.000]
 [1.500 3.000 0.500 -1.000 -1.000 -1.000 0.000 0.000 0.000 -1.000 0.000
  0.000 0.000 0.000]
 [0.000 0.500 2.571 0.000 0.500 0.000 0.571 -1.000 0.000 -1.000 -1.143
  0.000 0.000 0.000]
 [-1.000 -1.000 0.000 3.000 0.000 1.000 -1.000 0.000 -1.000 0.000 0.000
  0.000 0.000 0.000]
 [-1.000 -1.000 0.500 0.000 2.500 0.000 0.000 -1.000 0.000 0.000 0.000
  0.000 0.000 0.000]
 [-1.000 -1.000 0.000 1.000 0.000 3.000 -1.000 0.000 -1.000 0.000 0.000
  0.000 0.000 0.000]
 [0.000 0.000 0.571 -1.000 0.000 -1.000 3.143 0.571 0.000 0.000 -1.143
  -1.143 0.000 0.000]
 [0.000 0.000 -1.000 0.000 -1.000 0.000 0.571 2.571 0.000 0.000 0.000
  -1.143 0.000 0.000]
 [0.000 0.000 0.000 -1.000 0.000 -1.000 0.000 0.000 2.000 0.000 0.000
  0.000 0.000 0.000]
 [0.000 -1.000 -1.000 0.000 0.000 0.000 0.000 0.000 0.000 2.000 0.000
  0.000 0.000 0.000]
 [0.000 0.000 -1.143 0.000 0.000 0.000 -1.143 0.000 0.000 0.000 2.286
  0.000 0.000 0.000]
 [0.000 0.000 0.000 0.000 0.000 0.000 -1.143 -1.143 0.000 0.000 0.000
  2.286 0.000 0.000]
 [0.000 0.000 0.000 0.000 0.000 0.000 0.000 0.000 0.000 0.000 0.000 0.000
  0.000 0.000]
 [0.000 0.000 0.000 0.000 0.000 0.000 0.000 0.000 0.000 0.000 0.000 0.000
  0.000 0.000]]
--------------------------Individuo 13--------------------------
[[2.500 1.500 0.000 -1.000 -1.000 -1.000 0.000 0.000 0.000 0.000 0.000
  0.000 0.000 0.000]
 [1.500 3.571 0.500 -1.000 -1.000 -1.000 0.000 0.000 0.571 -1.000 0.000
  0.000 -1.143 0.000]
 [0.000 0.500 2.571 0.000 0.500 0.000 0.571 -1.000 0.000 -1.000 -1.143
  0.000 0.000 0.000]
 [-1.000 -1.000 0.000 3.000 0.000 1.000 -1.000 0.000 -1.000 0.000 0.000
  0.000 0.000 0.000]
 [-1.000 -1.000 0.500 0.000 2.500 0.000 0.000 -1.000 0.000 0.000 0.000
  0.000 0.000 0.000]
 [-1.000 -1.000 0.000 1.000 0.000 3.000 -1.000 0.000 -1.000 0.000 0.000
  0.000 0.000 0.000]
 [0.000 0.000 0.571 -1.000 0.000 -1.000 3.143 0.571 0.000 0.000 -1.143
  -1.143 0.000 0.000]
 [0.000 0.000 -1.000 0.000 -1.000 0.000 0.571 2.571 0.000 0.000 0.000
  -1.143 0.000 0.000]
 [0.000 0.571 0.000 -1.000 0.000 -1.000 0.000 0.000 2.571 0.000 0.000
  0.000 -1.143 0.000]
 [0.000 -1.000 -1.000 0.000 0.000 0.000 0.000 0.000 0.000 2.000 0.000
  0.000 0.000 0.000]
 [0.000 0.000 -1.143 0.000 0.000 0.000 -1.143 0.000 0.000 0.000 2.286
  0.000 0.000 0.000]
 [0.000 0.000 0.000 0.000 0.000 0.000 -1.143 -1.143 0.000 0.000 0.000
  2.286 0.000 0.000]
 [0.000 -1.143 0.000 0.000 0.000 0.000 0.000 0.000 -1.143 0.000 0.000
  0.000 2.286 0.000]
 [0.000 0.000 0.000 0.000 0.000 0.000 0.000 0.000 0.000 0.000 0.000 0.000
  0.000 0.000]]
--------------------------Individuo 14--------------------------
[[2.500 1.500 0.000 -1.000 -1.000 -1.000 0.000 0.000 0.000 0.000 0.000
  0.000 0.000 0.000]
 [1.500 3.571 0.500 -1.000 -1.000 -1.000 0.000 0.000 0.571 -1.000 0.000
  0.000 -1.143 0.000]
 [0.000 0.500 3.143 0.000 0.500 0.000 1.143 -1.000 0.000 -1.000 -1.143
  0.000 0.000 -1.143]
 [-1.000 -1.000 0.000 3.000 0.000 1.000 -1.000 0.000 -1.000 0.000 0.000
  0.000 0.000 0.000]
 [-1.000 -1.000 0.500 0.000 2.500 0.000 0.000 -1.000 0.000 0.000 0.000
  0.000 0.000 0.000]
 [-1.000 -1.000 0.000 1.000 0.000 3.000 -1.000 0.000 -1.000 0.000 0.000
  0.000 0.000 0.000]
 [0.000 0.000 1.143 -1.000 0.000 -1.000 3.714 0.571 0.000 0.000 -1.143
  -1.143 0.000 -1.143]
 [0.000 0.000 -1.000 0.000 -1.000 0.000 0.571 2.571 0.000 0.000 0.000
  -1.143 0.000 0.000]
 [0.000 0.571 0.000 -1.000 0.000 -1.000 0.000 0.000 2.571 0.000 0.000
  0.000 -1.143 0.000]
 [0.000 -1.000 -1.000 0.000 0.000 0.000 0.000 0.000 0.000 2.000 0.000
  0.000 0.000 0.000]
 [0.000 0.000 -1.143 0.000 0.000 0.000 -1.143 0.000 0.000 0.000 2.286
  0.000 0.000 0.000]
 [0.000 0.000 0.000 0.000 0.000 0.000 -1.143 -1.143 0.000 0.000 0.000
  2.286 0.000 0.000]
 [0.000 -1.143 0.000 0.000 0.000 0.000 0.000 0.000 -1.143 0.000 0.000
  0.000 2.286 0.000]
 [0.000 0.000 -1.143 0.000 0.000 0.000 -1.143 0.000 0.000 0.000 0.000
  0.000 0.000 2.286]]
